NACA 0006 20pc + 6412 80pc
 1.00010     0.00087
 0.95022     0.00953
 0.90024     0.01758
 0.80003     0.03193
 0.69951     0.04397
 0.59875     0.05362
 0.49779     0.06067
 0.39669     0.06473
 0.29554     0.06417
 0.24504     0.06162
 0.19466     0.05733
 0.14449     0.05098
 0.09468     0.04204
 0.06999     0.03627
 0.04558     0.02924
 0.02161     0.02004
 0.01017     0.01387
-0.00024     0.00190
 0.01046    -0.00946
 0.02270    -0.01381
 0.04776    -0.01845
 0.07290    -0.02083
 0.09802    -0.02211
 0.14819    -0.02290
 0.19829    -0.02238
 0.24836    -0.02120
 0.29842    -0.01971
 0.39854    -0.01668
 0.49870    -0.01373
 0.59888    -0.01057
 0.69910    -0.00758
 0.79936    -0.00497
 0.89966    -0.00277
 0.94983    -0.00181
 1.00000    -0.00038
