NACA 0006 50pc + 6412 50pc
 1.00013     0.00094
 0.95039     0.01088
 0.90047     0.02014
 0.80015     0.03662
 0.69927     0.05039
 0.59794     0.06137
 0.49624     0.06929
 0.39430     0.07369
 0.29231     0.07261
 0.24148     0.06941
 0.19090     0.06418
 0.14071     0.05662
 0.09118     0.04617
 0.06680     0.03952
 0.04285     0.03150
 0.01974     0.02125
 0.00891     0.01446
-0.00030     0.00219
 0.00964    -0.00929
 0.02180    -0.01392
 0.04689    -0.01858
 0.07208    -0.02077
 0.09723    -0.02178
 0.14743    -0.02195
 0.19755    -0.02081
 0.24764    -0.01909
 0.29774    -0.01715
 0.39803    -0.01360
 0.49839    -0.01055
 0.59879    -0.00751
 0.69921    -0.00489
 0.79965    -0.00292
 0.90009    -0.00165
 0.95031    -0.00125
 1.00000    -0.00032
