NACA 0006 80pc + 6412 20pc
 1.00003     0.00069
 0.95006     0.00540
 0.90006     0.00983
 0.80001     0.01782
 0.69988     0.02473
 0.59969     0.03052
 0.49945     0.03502
 0.39917     0.03795
 0.29889     0.03855
 0.24876     0.03769
 0.19867     0.03585
 0.14862     0.03279
 0.09867     0.02807
 0.07375     0.02482
 0.04889     0.02064
 0.02415     0.01481
 0.01192     0.01057
-0.00006     0.00047
 0.01199    -0.00947
 0.02443    -0.01326
 0.04944    -0.01794
 0.07447    -0.02096
 0.09950    -0.02309
 0.14955    -0.02577
 0.19957    -0.02711
 0.24959    -0.02758
 0.29960    -0.02744
 0.39963    -0.02594
 0.49967    -0.02329
 0.59972    -0.01976
 0.69978    -0.01564
 0.79984    -0.01108
 0.89992    -0.00612
 0.94996    -0.00348
 1.00000    -0.00057
